0 0.554167 0.130208 0.808333 0.079167
0 0.549306 0.220833 0.815278 0.087500
0 0.543056 0.308854 0.827778 0.088542
0 0.530556 0.363021 0.811111 0.017708
0 0.544444 0.417187 0.841667 0.084375
0 0.545139 0.495312 0.870833 0.073958
0 0.538194 0.562500 0.859722 0.068750
0 0.541667 0.643750 0.877778 0.100000
0 0.537500 0.732812 0.852778 0.094792
0 0.532639 0.818750 0.848611 0.077083
0 0.541667 0.914062 0.863889 0.117708
1 0.119444 0.101042 0.075000 0.041667
1 0.113194 0.184896 0.101389 0.053125
1 0.112500 0.273438 0.100000 0.055208
1 0.106944 0.358333 0.105556 0.033333
1 0.106944 0.384375 0.108333 0.037500
1 0.084722 0.467187 0.102778 0.051042
1 0.086806 0.531250 0.112500 0.056250
1 0.090278 0.607292 0.100000 0.054167
1 0.090278 0.694792 0.111111 0.056250
1 0.086806 0.786979 0.112500 0.057292
1 0.085417 0.860938 0.112500 0.061458
