1 0.206944 0.084259 0.063889 0.112963
1 0.171528 0.368519 0.065278 0.170370
0 0.518750 0.224074 0.570833 0.307407
0 0.506250 0.592593 0.604167 0.551852
1 0.874306 0.594444 0.081944 0.107407
1 0.877778 0.822222 0.108333 0.151852
1 0.841667 0.210185 0.077778 0.112963
1 0.831250 0.033333 0.037500 0.062963
0 0.929167 0.088889 0.141667 0.170370
0 0.935417 0.300000 0.129167 0.255556
0 0.908333 0.476852 0.183333 0.127778
0 0.950694 0.647222 0.098611 0.198148
0 0.958333 0.827778 0.083333 0.144444
0 0.517361 0.065741 0.548611 0.127778
