1 0.168056 0.385185 0.080556 0.166667
1 0.199306 0.086111 0.076389 0.098148
1 0.837500 0.204630 0.075000 0.116667
1 0.872222 0.598148 0.086111 0.129630
1 0.874306 0.806481 0.093056 0.157407
1 0.831944 0.032407 0.066667 0.061111
0 0.515278 0.065741 0.550000 0.127778
0 0.528472 0.226852 0.570833 0.305556
0 0.515278 0.595370 0.600000 0.572222
0 0.940972 0.633333 0.118056 0.174074
0 0.953472 0.825926 0.093056 0.159259
0 0.915278 0.480556 0.169444 0.135185
0 0.928472 0.303704 0.143056 0.262963
0 0.934722 0.100000 0.130556 0.166667
