1 0.863932 0.164551 0.097656 0.070312
1 0.847331 0.283203 0.077474 0.050781
1 0.871745 0.409424 0.055990 0.038574
1 0.878581 0.533936 0.055339 0.050293
1 0.875651 0.640137 0.069010 0.050781
1 0.892253 0.779541 0.050130 0.040527
1 0.879883 0.858887 0.055339 0.028320
0 0.459961 0.849365 0.751953 0.060059
0 0.472005 0.753662 0.753906 0.112793
0 0.475586 0.634766 0.720703 0.123047
0 0.462240 0.509521 0.682292 0.110840
0 0.487956 0.389160 0.668620 0.120117
0 0.471680 0.261719 0.666016 0.120117
0 0.496094 0.125488 0.654948 0.124023
