1 0.096070 0.066958 0.067686 0.061135
1 0.090611 0.390830 0.065502 0.152838
1 0.083515 0.647016 0.075328 0.100437
1 0.560044 0.055313 0.061135 0.087336
1 0.562227 0.280204 0.061135 0.144105
1 0.562227 0.480349 0.067686 0.101892
1 0.562227 0.767103 0.058952 0.101892
1 0.555131 0.955604 0.053493 0.088792
1 0.076419 0.825328 0.058952 0.081514
1 0.069323 0.977438 0.077511 0.045124
0 0.299127 0.192868 0.379913 0.312955
0 0.301856 0.472344 0.407205 0.245997
0 0.304585 0.693595 0.382096 0.202329
0 0.299127 0.877729 0.410480 0.174672
0 0.304039 0.974527 0.405022 0.050946
0 0.780022 0.128821 0.411572 0.245997
0 0.767467 0.347162 0.368996 0.202329
0 0.784389 0.606259 0.402838 0.295488
0 0.785480 0.831150 0.429039 0.168850
0 0.784934 0.959243 0.430131 0.081514
