1 0.170833 0.062331 0.075000 0.051491
1 0.170833 0.143631 0.085000 0.048780
1 0.165833 0.230352 0.068333 0.040650
1 0.163333 0.308943 0.080000 0.054201
1 0.150833 0.393631 0.085000 0.055556
1 0.145000 0.492547 0.106667 0.050136
1 0.142500 0.581978 0.081667 0.052846
1 0.138333 0.683604 0.086667 0.036585
1 0.131667 0.801491 0.086667 0.060976
1 0.125833 0.901084 0.091667 0.037940
0 0.570000 0.085366 0.836667 0.078591
0 0.568333 0.171409 0.746667 0.096206
0 0.581667 0.243902 0.796667 0.073171
0 0.584167 0.334011 0.791667 0.069106
0 0.584167 0.418022 0.798333 0.063686
0 0.572500 0.508808 0.848333 0.069106
0 0.570833 0.600949 0.858333 0.079946
0 0.582500 0.702575 0.835000 0.066396
0 0.579167 0.807588 0.841667 0.070461
0 0.575000 0.918699 0.850000 0.065041
